"beta_T","true_funtion","regress_on_X","n","inference","X_style","num_na","num_real","mse","percent_reject","mean_beta_hat_T","mean_sq_beta_hat_T"
0,"linear","one",100,"GLMM","non-correlated",0,5674,1.27922064736941,0.0324286217835742,0.00748790248127023,0.732800779939406
0,"linear","one",100,"bayesian_G prior_glm_int","non-correlated",22,5652,14.0735231337498,0.0856334041047417,0.0552926322987954,0.839978656085783
0,"linear","one",100,"bayesian_G prior_glm_not","non-correlated",22,5652,26.3597569247107,0.083864118895966,0.0773669878493262,0.838564754011155
0,"linear","one",100,"bayesian_G prior_glmm_int","non-correlated",27,5647,10.0028089579453,0.103948999468744,0.0680307928213357,0.90504402985362
0,"linear","one",100,"bayesian_G prior_glmm_not","non-correlated",28,5646,191.853379908293,0.105915692525682,-0.0857826880822075,0.909051305111823
0,"linear","one",100,"bayesian_Hybrid_glm_int","non-correlated",22,5652,211.282762555024,0.0820948336871904,0.122686312543002,0.873543275465191
0,"linear","one",100,"bayesian_Hybrid_glm_not","non-correlated",22,5652,9.7501556859966,0.081033262561925,0.0319035470646706,0.867775430600423
0,"linear","one",100,"bayesian_Hybrid_glmm_int","non-correlated",27,5647,637.785707679116,0.0954489109261555,0.39015468091331,0.926450137190633
0,"linear","one",100,"bayesian_Hybrid_glmm_not","non-correlated",28,5646,81.6249854291875,0.0952886999645767,-0.0127145330543735,0.9108657886025
0,"linear","one",100,"bayesian_normal_glm_int","non-correlated",22,5652,0.369828113349529,0.0612172682236376,0.0017206073764144,0.750644915687001
0,"linear","one",100,"bayesian_normal_glm_not","non-correlated",22,5652,0.368722873417635,0.0654635527246992,0.00215916248905077,0.75024640767463
0,"linear","one",100,"bayesian_normal_glmm_int","non-correlated",27,5647,0.68128989330163,0.0867717372055959,0.00328674459021833,0.813484293813544
0,"linear","one",100,"bayesian_normal_glmm_not","non-correlated",28,5646,0.673944450920257,0.0880269217144881,0.00366282518117415,0.812419246470431
0,"linear","one",100,"clogit","non-correlated",22,5652,45054.3084703858,0.0191082802547771,-3.05201486240628,4.42289350451035
0,"linear","one",100,"glmer","non-correlated",0,5674,0.312761942272289,0.109622841029256,0.00240083077525109,0.730874519470944
0,"linear","one",100,"logit","non-correlated",0,5674,0.13884018926543,0.0220303137116673,0.00209021493574845,0.653565003767649
0,"linear","one",250,"GLMM","non-correlated",0,5697,0.093392053979251,0.0372125680182552,0.000553616175021982,0.559975229284375
0,"linear","one",250,"bayesian_G prior_glm_int","non-correlated",0,5697,0.147364752523039,0.062664560294892,0.00257501297970092,0.602268077036824
0,"linear","one",250,"bayesian_G prior_glm_not","non-correlated",0,5697,0.147075022671819,0.0603826575390556,0.00282672584422368,0.601984968819877
0,"linear","one",250,"bayesian_G prior_glmm_int","non-correlated",0,5697,0.163884999553756,0.0675794277690012,0.00329441070454135,0.609322697307044
0,"linear","one",250,"bayesian_G prior_glmm_not","non-correlated",3,5694,0.163961419518941,0.0665612925886899,0.00322534525274873,0.609426304875812
0,"linear","one",250,"bayesian_Hybrid_glm_int","non-correlated",0,5697,0.145075272091432,0.0591539406705284,0.00252938584691608,0.601018862656247
0,"linear","one",250,"bayesian_Hybrid_glm_not","non-correlated",0,5697,0.144742534198331,0.0603826575390556,0.00306793014243987,0.601311422771783
0,"linear","one",250,"bayesian_Hybrid_glmm_int","non-correlated",0,5697,0.15552762664926,0.0633666842197648,0.00314561733751879,0.605625390506856
0,"linear","one",250,"bayesian_Hybrid_glmm_not","non-correlated",3,5694,0.155423442412346,0.0607657182999649,0.0031393909267602,0.605112312614034
0,"linear","one",250,"bayesian_normal_glm_int","non-correlated",0,5697,0.107987282057962,0.0482710198350009,0.000993312845524035,0.577439193955568
0,"linear","one",250,"bayesian_normal_glm_not","non-correlated",0,5697,0.107939538893448,0.046515710022819,0.000612120343469736,0.577221511084173
0,"linear","one",250,"bayesian_normal_glmm_int","non-correlated",0,5697,0.14578929501371,0.0579252238020011,0.00261143756378666,0.601960187460942
0,"linear","one",250,"bayesian_normal_glmm_not","non-correlated",3,5694,0.146108445263358,0.0611169652265543,0.00212137337305861,0.602183588858705
0,"linear","one",250,"clogit","non-correlated",0,5697,0.141476992930035,0.0438827453045463,0.00279371132061222,0.599486865966757
0,"linear","one",250,"glmer","non-correlated",0,5697,0.108824111650762,0.101456907144111,0.000700121086213965,0.571967499611667
0,"linear","one",250,"logit","non-correlated",0,5697,0.0488759193984256,0.0170265051781639,-0.000383370935693683,0.515764357406728
0,"linear","one",500,"GLMM","non-correlated",0,5700,0.0451988525932188,0.0350877192982456,5.37079151262014e-05,0.467719643341788
0,"linear","one",500,"bayesian_G prior_glm_int","non-correlated",0,5700,0.0657291820351994,0.0552631578947368,0.00204822225844786,0.497474112311876
0,"linear","one",500,"bayesian_G prior_glm_not","non-correlated",0,5700,0.0658966348674282,0.0542105263157895,0.00203561471953564,0.497666592396788
0,"linear","one",500,"bayesian_G prior_glmm_int","non-correlated",0,5700,0.0684857164869185,0.0570175438596491,0.00225099964552936,0.499579184434442
0,"linear","one",500,"bayesian_G prior_glmm_not","non-correlated",1,5699,0.0684108528535972,0.0594841200210563,0.00211004959260938,0.499587012195416
0,"linear","one",500,"bayesian_Hybrid_glm_int","non-correlated",0,5700,0.0648901543091933,0.0543859649122807,0.00204900051306071,0.496831490852446
0,"linear","one",500,"bayesian_Hybrid_glm_not","non-correlated",0,5700,0.0649984475715686,0.0529824561403509,0.00222749198109303,0.497085226865431
0,"linear","one",500,"bayesian_Hybrid_glmm_int","non-correlated",0,5700,0.0666209354410374,0.0571929824561404,0.00196092218933818,0.498303423086808
0,"linear","one",500,"bayesian_Hybrid_glmm_not","non-correlated",1,5699,0.066584064345597,0.05685207931216,0.00217819359567513,0.498385662037798
0,"linear","one",500,"bayesian_normal_glm_int","non-correlated",0,5700,0.0512316170408921,0.0424561403508772,0.000798519321478318,0.480660022767996
0,"linear","one",500,"bayesian_normal_glm_not","non-correlated",0,5700,0.0511277891389321,0.0419298245614035,0.000671218389926312,0.480792835026656
0,"linear","one",500,"bayesian_normal_glmm_int","non-correlated",0,5700,0.0641283433039239,0.0543859649122807,0.00182669137110643,0.49625940750765
0,"linear","one",500,"bayesian_normal_glmm_not","non-correlated",1,5699,0.064040000737751,0.0552728548868223,0.00202904901899282,0.496165962046732
0,"linear","one",500,"clogit","non-correlated",0,5700,0.0638981848852637,0.046140350877193,0.0020492745366513,0.496219883582738
0,"linear","one",500,"glmer","non-correlated",0,5700,0.053374559108729,0.0991228070175439,0.000181325390432084,0.478327461387472
0,"linear","one",500,"logit","non-correlated",0,5700,0.0246225031952827,0.0184210526315789,-0.000444461965350791,0.432711426472988
0,"linear","two",100,"GLMM","non-correlated",0,5674,2.85303435945726,0.0338385618611209,0.00556315887940363,0.742305719829099
0,"linear","two",100,"bayesian_G prior_glm_int","non-correlated",55,5619,14.3822197551426,0.0861363231891796,-0.0315523617475721,0.855634406430473
0,"linear","two",100,"bayesian_G prior_glm_not","non-correlated",55,5619,1.62515897817316,0.0831108738209646,0.0187403492022813,0.851986478611048
0,"linear","two",100,"bayesian_G prior_glmm_int","non-correlated",504,5170,106.259584434371,0.138684719535783,0.0887886535529944,1.03955901322629
0,"linear","two",100,"bayesian_G prior_glmm_not","non-correlated",473,5201,24326.9625745325,0.133820419150163,-1.81208070520444,1.02915976787304
0,"linear","two",100,"bayesian_Hybrid_glm_int","non-correlated",55,5619,33.9194300696673,0.0868481936287596,0.108622319323578,0.939871771250872
0,"linear","two",100,"bayesian_Hybrid_glm_not","non-correlated",55,5619,232.951711967377,0.0873820964584446,0.33707763348413,0.948033599771029
0,"linear","two",100,"bayesian_Hybrid_glmm_int","non-correlated",504,5170,2119.05428314581,0.126692456479691,0.747416132627587,1.08777842566034
0,"linear","two",100,"bayesian_Hybrid_glmm_not","non-correlated",473,5201,493.378609345817,0.124206883291675,-0.097229574127404,1.06277342843315
0,"linear","two",100,"bayesian_normal_glm_int","non-correlated",55,5619,0.387542090772881,0.0662039508809397,0.000799011898357699,0.756327376842633
0,"linear","two",100,"bayesian_normal_glm_not","non-correlated",55,5619,0.384589709224064,0.0630005339028297,0.00190460665732488,0.755910602029929
0,"linear","two",100,"bayesian_normal_glmm_int","non-correlated",504,5170,2.20296745463506,0.138104448742747,0.010980415162668,0.861900699235316
0,"linear","two",100,"bayesian_normal_glmm_not","non-correlated",473,5201,1.63219712183768,0.125745049029033,-0.00962525308455807,0.85547884039157
0,"linear","two",100,"clogit","non-correlated",55,5619,17309.9235362531,0.0131696031322299,-0.528804614165556,12.7524206543599
0,"linear","two",100,"glmer","non-correlated",0,5674,0.329769841675847,0.115791328868523,0.00288041502775547,0.736466728478895
0,"linear","two",100,"logit","non-correlated",0,5674,0.162967834253851,0.0259076489249207,0.00209499348851747,0.666913337305783
0,"linear","two",250,"GLMM","non-correlated",0,5697,0.0961053489000723,0.0387923468492189,0.000609321280351701,0.562049978720331
0,"linear","two",250,"bayesian_G prior_glm_int","non-correlated",0,5697,0.152087040422924,0.0619624363700193,0.00218099826663355,0.60591752085828
0,"linear","two",250,"bayesian_G prior_glm_not","non-correlated",0,5697,0.151680930129022,0.0596805336141829,0.00248942251710059,0.606055869403886
0,"linear","two",250,"bayesian_G prior_glmm_int","non-correlated",108,5589,0.190970430570834,0.074252996958311,0.00339438059311367,0.622590551294227
0,"linear","two",250,"bayesian_G prior_glmm_not","non-correlated",81,5616,0.189650091426244,0.0728276353276353,0.00383920229507998,0.622073516472115
0,"linear","two",250,"bayesian_Hybrid_glm_int","non-correlated",0,5697,0.155110898825905,0.0600315955766193,0.00174654011195974,0.608322982508669
0,"linear","two",250,"bayesian_Hybrid_glm_not","non-correlated",0,5697,0.154933523519706,0.060733719501492,0.00167391402857359,0.608389091531283
0,"linear","two",250,"bayesian_Hybrid_glmm_int","non-correlated",108,5589,0.182156663883975,0.0703166935050993,0.00351888833016929,0.619594440238603
0,"linear","two",250,"bayesian_Hybrid_glmm_not","non-correlated",81,5616,0.181181791892116,0.0694444444444444,0.0033619629097877,0.619105593145908
0,"linear","two",250,"bayesian_normal_glm_int","non-correlated",0,5697,0.111976323945777,0.0480954888537827,0.000855553604505752,0.580822128946484
0,"linear","two",250,"bayesian_normal_glm_not","non-correlated",0,5697,0.111824188235059,0.0498507986659645,0.000879230468945412,0.580751238391942
0,"linear","two",250,"bayesian_normal_glmm_int","non-correlated",108,5589,0.186867707270372,0.0731794596528896,0.00317295285251015,0.617020526691265
0,"linear","two",250,"bayesian_normal_glmm_not","non-correlated",81,5616,0.178537023147313,0.0705128205128205,0.00321768017361914,0.614569074732877
0,"linear","two",250,"clogit","non-correlated",0,5697,0.157657695002492,0.0451114621730735,0.00237999204733037,0.609532679794833
0,"linear","two",250,"glmer","non-correlated",0,5697,0.111459286775371,0.103563278918729,0.000848855082654692,0.573902837248956
0,"linear","two",250,"logit","non-correlated",0,5697,0.0560192509133666,0.0205371248025276,-0.000332565372479063,0.524675858058833
0,"linear","two",500,"GLMM","non-correlated",0,5700,0.0461223800487779,0.0352631578947368,-0.000151672989364502,0.4690954790201
0,"linear","two",500,"bayesian_G prior_glm_int","non-correlated",0,5700,0.0674622266683045,0.0571929824561404,0.0022323439423775,0.499645897715941
0,"linear","two",500,"bayesian_G prior_glm_not","non-correlated",0,5700,0.0673682026461552,0.0552631578947368,0.00238789728596672,0.499757382639305
0,"linear","two",500,"bayesian_G prior_glmm_int","non-correlated",8,5692,0.0735818357025751,0.0620168657765285,0.00306499017727182,0.505031936248769
0,"linear","two",500,"bayesian_G prior_glmm_not","non-correlated",4,5696,0.0732510839832769,0.0600421348314607,0.00333908410725509,0.505219912602455
0,"linear","two",500,"bayesian_Hybrid_glm_int","non-correlated",0,5700,0.0677691802368607,0.0549122807017544,0.00286842238700631,0.500334592103703
0,"linear","two",500,"bayesian_Hybrid_glm_not","non-correlated",0,5700,0.0676612277021435,0.0536842105263158,0.00285849983217424,0.500145152463062
0,"linear","two",500,"bayesian_Hybrid_glmm_int","non-correlated",8,5692,0.0716796410783849,0.0586788475052706,0.00287168818754593,0.503706347401932
0,"linear","two",500,"bayesian_Hybrid_glmm_not","non-correlated",4,5696,0.0716416996342256,0.058813202247191,0.00309725673474179,0.503701968939962
0,"linear","two",500,"bayesian_normal_glm_int","non-correlated",0,5700,0.0529723428459558,0.0449122807017544,0.00115371839835397,0.483372813628872
0,"linear","two",500,"bayesian_normal_glm_not","non-correlated",0,5700,0.0529948827154818,0.0440350877192982,0.00114811722407002,0.483548685390029
0,"linear","two",500,"bayesian_normal_glmm_int","non-correlated",8,5692,0.0726909181872097,0.059205903021785,0.00334112756026224,0.503433409894981
0,"linear","two",500,"bayesian_normal_glmm_not","non-correlated",4,5696,0.0705771745195324,0.0595154494382023,0.00307174042244001,0.501684032911713
0,"linear","two",500,"clogit","non-correlated",0,5700,0.0672422310543966,0.0466666666666667,0.00300939280617995,0.500111860974047
0,"linear","two",500,"glmer","non-correlated",0,5700,0.0540033975979953,0.101929824561404,-7.71811797458173e-05,0.47911950509084
0,"linear","two",500,"logit","non-correlated",0,5700,0.0279688228795554,0.0207017543859649,-0.000567342446357707,0.439799705961438
0,"non-linear","one",100,"GLMM","non-correlated",0,5674,0.221045122370123,0.0451180824814945,-0.00397768380007702,0.669264639836232
0,"non-linear","one",100,"bayesian_G prior_glm_int","non-correlated",0,5674,0.332227641924631,0.0754317941487487,-0.00192847872366871,0.702662967897228
0,"non-linear","one",100,"bayesian_G prior_glm_not","non-correlated",0,5674,0.336823979560648,0.0757842791681353,-0.0018446682245913,0.702527320825518
0,"non-linear","one",100,"bayesian_G prior_glmm_int","non-correlated",0,5674,0.46753773860908,0.0800140994007755,0.00314349889026527,0.709489805702669
0,"non-linear","one",100,"bayesian_G prior_glmm_not","non-correlated",1,5673,0.436892746404895,0.0794993830424819,0.00138952397865882,0.708978276198718
0,"non-linear","one",100,"bayesian_Hybrid_glm_int","non-correlated",0,5674,0.355863910246075,0.0676771237222418,0.000319417738871639,0.696087001266977
0,"non-linear","one",100,"bayesian_Hybrid_glm_not","non-correlated",0,5674,0.407735070391372,0.0680296087416285,0.00205476017940201,0.695815128984145
0,"non-linear","one",100,"bayesian_Hybrid_glmm_int","non-correlated",0,5674,1.96897561362004,0.0710257314064152,0.0157328923939622,0.698984176450475
0,"non-linear","one",100,"bayesian_Hybrid_glmm_not","non-correlated",1,5673,5.6510437799646,0.0708619777895294,0.0298335274607863,0.699166068168917
0,"non-linear","one",100,"bayesian_normal_glm_int","non-correlated",0,5674,0.272730619428264,0.0696157913288685,-0.00542507852453677,0.688116004422768
0,"non-linear","one",100,"bayesian_normal_glm_not","non-correlated",0,5674,0.272777753701432,0.0690870637997885,-0.00510206550586845,0.687363838802466
0,"non-linear","one",100,"bayesian_normal_glmm_int","non-correlated",0,5674,0.342426889645726,0.0777229467747621,-0.00146828616199219,0.70642051500778
0,"non-linear","one",100,"bayesian_normal_glmm_not","non-correlated",1,5673,0.340709568594138,0.0775603736999824,-0.00189414990072439,0.705974871003529
0,"non-linear","one",100,"clogit","non-correlated",0,5674,15133.1926884949,0.038068382093761,1.63159786260432,0.68889884727428
0,"non-linear","one",100,"glmer","non-correlated",0,5674,0.242896663416516,0.120549876630243,-0.00495270204116779,0.679694768330223
0,"non-linear","one",100,"logit","non-correlated",0,5674,0.180131639602789,0.0447655974621079,-0.00438879439803482,0.653606254327608
0,"non-linear","one",250,"GLMM","non-correlated",0,5697,0.0753230206988534,0.0452869931542917,-0.00153889764077539,0.5231614063441
0,"non-linear","one",250,"bayesian_G prior_glm_int","non-correlated",0,5697,0.0889507432220115,0.0577496928207829,-0.000640717902756033,0.534091535408371
0,"non-linear","one",250,"bayesian_G prior_glm_not","non-correlated",0,5697,0.0887592116624052,0.0579252238020011,-0.000222221902014849,0.534074592204319
0,"non-linear","one",250,"bayesian_G prior_glmm_int","non-correlated",0,5697,0.0898006070125262,0.0598560645954011,-0.00047124863752999,0.534607926811915
0,"non-linear","one",250,"bayesian_G prior_glmm_not","non-correlated",0,5697,0.0896782426175252,0.0610847814639284,-0.000144295895294025,0.534494073193682
0,"non-linear","one",250,"bayesian_Hybrid_glm_int","non-correlated",0,5697,0.0855659828821665,0.055994383008601,-0.000504357575460226,0.53173874774482
0,"non-linear","one",250,"bayesian_Hybrid_glm_not","non-correlated",0,5697,0.0856157277326313,0.0552922590837283,-0.000710762510905108,0.531696807592413
0,"non-linear","one",250,"bayesian_Hybrid_glmm_int","non-correlated",0,5697,0.0858658322427351,0.0575741618395647,-0.000556874748185954,0.532151354249531
0,"non-linear","one",250,"bayesian_Hybrid_glmm_not","non-correlated",0,5697,0.0859695747575575,0.0566965069334738,-0.000321240527199748,0.532162814065292
0,"non-linear","one",250,"bayesian_normal_glm_int","non-correlated",0,5697,0.0843561216711261,0.0549411971212919,-0.000835752036172137,0.530240233292787
0,"non-linear","one",250,"bayesian_normal_glm_not","non-correlated",0,5697,0.0844514525089754,0.0552922590837283,-0.00101030929954392,0.530305193522312
0,"non-linear","one",250,"bayesian_normal_glmm_int","non-correlated",0,5697,0.0888349425887337,0.0565209759522556,-0.000584581499033174,0.534478764326848
0,"non-linear","one",250,"bayesian_normal_glmm_not","non-correlated",0,5697,0.088852045317465,0.0579252238020011,-0.00059202733858274,0.534339479591025
0,"non-linear","one",250,"clogit","non-correlated",0,5697,0.0824094885944215,0.0466912410040372,-0.000473923350404503,0.529657042723213
0,"non-linear","one",250,"glmer","non-correlated",0,5697,0.0820013870695617,0.103914340881166,-0.00171560426224444,0.528441216209948
0,"non-linear","one",250,"logit","non-correlated",0,5697,0.0674257265886574,0.0414253115674917,-0.00124223777911844,0.515867465184817
0,"non-linear","one",500,"GLMM","non-correlated",0,5700,0.0365057632615326,0.0478947368421053,0.00119765519209308,0.437724414016277
0,"non-linear","one",500,"bayesian_G prior_glm_int","non-correlated",0,5700,0.0405379655568018,0.0556140350877193,0.00144197053768157,0.442988685569724
0,"non-linear","one",500,"bayesian_G prior_glm_not","non-correlated",0,5700,0.0405237030866384,0.0566666666666667,0.00131495448583357,0.443270061207798
0,"non-linear","one",500,"bayesian_G prior_glmm_int","non-correlated",0,5700,0.0406244263445699,0.0563157894736842,0.00126267296898314,0.443387253451482
0,"non-linear","one",500,"bayesian_G prior_glmm_not","non-correlated",0,5700,0.0406839226376601,0.0554385964912281,0.00109059757128011,0.443318923899803
0,"non-linear","one",500,"bayesian_Hybrid_glm_int","non-correlated",0,5700,0.0398233773136994,0.0549122807017544,0.00128972972953274,0.442525542167297
0,"non-linear","one",500,"bayesian_Hybrid_glm_not","non-correlated",0,5700,0.0397489102072257,0.0531578947368421,0.00123336745105853,0.442650838132361
0,"non-linear","one",500,"bayesian_Hybrid_glmm_int","non-correlated",0,5700,0.0398234891450781,0.052280701754386,0.00123136935128581,0.442712090936179
0,"non-linear","one",500,"bayesian_Hybrid_glmm_not","non-correlated",0,5700,0.0398327478371107,0.052280701754386,0.00124596179634857,0.442561311996444
0,"non-linear","one",500,"bayesian_normal_glm_int","non-correlated",0,5700,0.0395958488503911,0.0528070175438596,0.00132473648919989,0.442043768929656
0,"non-linear","one",500,"bayesian_normal_glm_not","non-correlated",0,5700,0.0395572113244004,0.0557894736842105,0.00124869979682377,0.442124237648672
0,"non-linear","one",500,"bayesian_normal_glmm_int","non-correlated",0,5700,0.0404971908365599,0.0552631578947368,0.00150894136151104,0.443509935817306
0,"non-linear","one",500,"bayesian_normal_glmm_not","non-correlated",0,5700,0.0405862059747788,0.0545614035087719,0.00131675553136463,0.443531103660161
0,"non-linear","one",500,"clogit","non-correlated",0,5700,0.0390152337884905,0.0489473684210526,0.00125709541569535,0.441702218491755
0,"non-linear","one",500,"glmer","non-correlated",0,5700,0.0388943250200697,0.105087719298246,0.00116951133897153,0.440768568881121
0,"non-linear","one",500,"logit","non-correlated",0,5700,0.0334224093399892,0.0436842105263158,0.000944725694968254,0.432893432222407
0,"non-linear","two",100,"GLMM","non-correlated",0,5674,0.223868544765359,0.0458230525202679,-0.0042275971668658,0.670349785768741
0,"non-linear","two",100,"bayesian_G prior_glm_int","non-correlated",0,5674,0.383378729941514,0.0784279168135354,-0.00190987357427149,0.708209199010721
0,"non-linear","two",100,"bayesian_G prior_glm_not","non-correlated",0,5674,0.692778512494606,0.0754317941487487,0.00409882915873352,0.708432471201138
0,"non-linear","two",100,"bayesian_G prior_glmm_int","non-correlated",24,5650,1.28345541176884,0.0904424778761062,0.00768110726391188,0.737521613130766
0,"non-linear","two",100,"bayesian_G prior_glmm_not","non-correlated",23,5651,2.22043083097983,0.09113431251106,-0.0122524203318243,0.736230819941642
0,"non-linear","two",100,"bayesian_Hybrid_glm_int","non-correlated",0,5674,0.668755596288489,0.0722594289742686,0.00743013128567685,0.713553250035147
0,"non-linear","two",100,"bayesian_Hybrid_glm_not","non-correlated",0,5674,1.07976085272715,0.0736693690518153,-0.0116792073566682,0.713008721290085
0,"non-linear","two",100,"bayesian_Hybrid_glmm_int","non-correlated",24,5650,12.8383531422446,0.0847787610619469,0.0491309833212846,0.731050326539587
0,"non-linear","two",100,"bayesian_Hybrid_glmm_not","non-correlated",23,5651,1.40361482029466,0.0851176782870288,0.00738513131476632,0.730651400014431
0,"non-linear","two",100,"bayesian_normal_glm_int","non-correlated",0,5674,0.2794363309978,0.0704970038773352,-0.00640732848664569,0.689147268491479
0,"non-linear","two",100,"bayesian_normal_glm_not","non-correlated",0,5674,0.27590739774334,0.0701445188579485,-0.00546307284381739,0.68915248398529
0,"non-linear","two",100,"bayesian_normal_glmm_int","non-correlated",24,5650,0.520954804733489,0.0815929203539823,-0.00824667484367032,0.717352227482304
0,"non-linear","two",100,"bayesian_normal_glmm_not","non-correlated",23,5651,0.424704404167033,0.0812245620244205,-0.00356384160372809,0.716292734788021
0,"non-linear","two",100,"clogit","non-correlated",0,5674,35.62838243859,0.038597109622841,0.00398228423187581,0.775494050927089
0,"non-linear","two",100,"glmer","non-correlated",0,5674,0.259089841655279,0.126894606979203,-0.00553588789290001,0.684565377722923
0,"non-linear","two",100,"logit","non-correlated",0,5674,0.184506777169742,0.0459992950299612,-0.00460385941642759,0.65564463303273
0,"non-linear","two",250,"GLMM","non-correlated",0,5697,0.0756298814049081,0.0456380551167281,-0.00148973440036651,0.523455543328612
0,"non-linear","two",250,"bayesian_G prior_glm_int","non-correlated",0,5697,0.0909421151553947,0.0596805336141829,-0.000732843788787334,0.536397767655807
0,"non-linear","two",250,"bayesian_G prior_glm_not","non-correlated",0,5697,0.0906094668181216,0.0581007547832192,-0.000661676628888334,0.536184392228583
0,"non-linear","two",250,"bayesian_G prior_glmm_int","non-correlated",1,5696,0.0987484733044532,0.0649578651685393,-0.000816527553802097,0.542162215699971
0,"non-linear","two",250,"bayesian_G prior_glmm_not","non-correlated",0,5697,0.098702360403548,0.0667017728629103,-0.0011384420200098,0.542165240020841
0,"non-linear","two",250,"bayesian_Hybrid_glm_int","non-correlated",0,5697,0.090469750425457,0.0617869053888011,-0.00117669111801615,0.53639670315345
0,"non-linear","two",250,"bayesian_Hybrid_glm_not","non-correlated",0,5697,0.090463476704667,0.0605581885202738,-0.00103530186029616,0.536378695960526
0,"non-linear","two",250,"bayesian_Hybrid_glmm_int","non-correlated",1,5696,0.0953012496941687,0.0623244382022472,-0.00110407290324152,0.539979924525819
0,"non-linear","two",250,"bayesian_Hybrid_glmm_not","non-correlated",0,5697,0.0953794273250755,0.0633666842197648,-0.0011840316286188,0.539819862584062
0,"non-linear","two",250,"bayesian_normal_glm_int","non-correlated",0,5697,0.0848182582021862,0.0561699139898192,-0.000909306841997485,0.530652769544031
0,"non-linear","two",250,"bayesian_normal_glm_not","non-correlated",0,5697,0.0849251077792331,0.0558188520273828,-0.000628254113413306,0.530683141374578
0,"non-linear","two",250,"bayesian_normal_glmm_int","non-correlated",1,5696,0.0915843662354836,0.0595154494382023,-0.000500102996645884,0.537096450453454
0,"non-linear","two",250,"bayesian_normal_glmm_not","non-correlated",0,5697,0.0914929470082037,0.0610847814639284,-0.000678327249137546,0.537129553111677
0,"non-linear","two",250,"clogit","non-correlated",0,5697,0.0887040297256489,0.0505529225908373,-0.00104070269646339,0.535342503159574
0,"non-linear","two",250,"glmer","non-correlated",0,5697,0.0842128244824552,0.107073898543093,-0.00161754703127434,0.530513448678664
0,"non-linear","two",250,"logit","non-correlated",0,5697,0.0679878146673394,0.0424784974548008,-0.00118127242047609,0.516430133863378
0,"non-linear","two",500,"GLMM","non-correlated",0,5700,0.0365883776891487,0.0473684210526316,0.00117990820796533,0.437843378879031
0,"non-linear","two",500,"bayesian_G prior_glm_int","non-correlated",0,5700,0.0412423733612028,0.0547368421052632,0.00128415698720317,0.444639822184387
0,"non-linear","two",500,"bayesian_G prior_glm_not","non-correlated",0,5700,0.0412945401141919,0.0536842105263158,0.00106027489750827,0.44476005550109
0,"non-linear","two",500,"bayesian_G prior_glmm_int","non-correlated",0,5700,0.0426124018765685,0.0563157894736842,0.00123864619236919,0.446663041706825
0,"non-linear","two",500,"bayesian_G prior_glmm_not","non-correlated",0,5700,0.0426126071708628,0.0559649122807018,0.00129903249926424,0.446756612596038
0,"non-linear","two",500,"bayesian_Hybrid_glm_int","non-correlated",0,5700,0.0410565967942278,0.0540350877192982,0.00110478287811294,0.444638257525657
0,"non-linear","two",500,"bayesian_Hybrid_glm_not","non-correlated",0,5700,0.0410397978119826,0.0552631578947368,0.00134479209415399,0.444436394168854
0,"non-linear","two",500,"bayesian_Hybrid_glmm_int","non-correlated",0,5700,0.0419312088114468,0.0528070175438596,0.00121820000341938,0.445800061503438
0,"non-linear","two",500,"bayesian_Hybrid_glmm_not","non-correlated",0,5700,0.0419139433996421,0.0542105263157895,0.00108123713148255,0.445752162083932
0,"non-linear","two",500,"bayesian_normal_glm_int","non-correlated",0,5700,0.0396489444230918,0.0540350877192982,0.00106595456061496,0.44228065946383
0,"non-linear","two",500,"bayesian_normal_glm_not","non-correlated",0,5700,0.0396377766515087,0.0542105263157895,0.00105918055903238,0.442159902269501
0,"non-linear","two",500,"bayesian_normal_glmm_int","non-correlated",0,5700,0.0411263059602244,0.0535087719298246,0.0012180693752446,0.444727495112619
0,"non-linear","two",500,"bayesian_normal_glmm_not","non-correlated",0,5700,0.0411087964328044,0.0549122807017544,0.00121428582100163,0.444612437130298
0,"non-linear","two",500,"clogit","non-correlated",0,5700,0.04039527066529,0.0489473684210526,0.00111387587303619,0.443899824271238
0,"non-linear","two",500,"glmer","non-correlated",0,5700,0.0393765651138807,0.105438596491228,0.00116630621120292,0.441766457221461
0,"non-linear","two",500,"logit","non-correlated",0,5700,0.0335694186968751,0.0435087719298246,0.000943724831991044,0.433130342639227
0.5,"linear","one",100,"GLMM","non-correlated",0,5663,1.05534902613364,0.108423097298252,0.56054162082924,0.73743628816755
0.5,"linear","one",100,"bayesian_G prior_glm_int","non-correlated",10,5653,27.8510839646882,0.191579692198832,0.884206664842098,0.864014859856966
0.5,"linear","one",100,"bayesian_G prior_glm_not","non-correlated",10,5653,55.8580671014857,0.190341411639837,0.941793302659463,0.87441565828653
0.5,"linear","one",100,"bayesian_G prior_glmm_int","non-correlated",25,5638,312.531314343818,0.211422490244768,1.36536593308039,0.954706715158554
0.5,"linear","one",100,"bayesian_G prior_glmm_not","non-correlated",19,5644,189.098199922237,0.215450035435861,1.38989087874139,0.973740483020018
0.5,"linear","one",100,"bayesian_Hybrid_glm_int","non-correlated",10,5653,70.8224948210439,0.178666194940739,1.09983839835391,0.907020529152635
0.5,"linear","one",100,"bayesian_Hybrid_glm_not","non-correlated",10,5653,112.611947779383,0.177958606049885,1.06647467061149,0.907440761378612
0.5,"linear","one",100,"bayesian_Hybrid_glmm_int","non-correlated",25,5638,1884.81982248376,0.198474636395885,1.88122669644763,0.958688300876491
0.5,"linear","one",100,"bayesian_Hybrid_glmm_not","non-correlated",19,5644,111.94398120262,0.199681077250177,1.39805533486267,0.963148615769053
0.5,"linear","one",100,"bayesian_normal_glm_int","non-correlated",10,5653,0.448972457571342,0.15956129488767,0.551849188304261,0.75562250288108
0.5,"linear","one",100,"bayesian_normal_glm_not","non-correlated",10,5653,0.443180983875278,0.158323014328675,0.550468194424807,0.754965579433296
0.5,"linear","one",100,"bayesian_normal_glmm_int","non-correlated",25,5638,0.770379775075522,0.19279886484569,0.661529860973183,0.817675536966962
0.5,"linear","one",100,"bayesian_normal_glmm_not","non-correlated",19,5644,0.786988532408959,0.190999291282778,0.664216550340661,0.818138500349903
0.5,"linear","one",100,"clogit","non-correlated",10,5653,10170.9762969239,0.0750044224305678,4.61452848582625,5.52296915131164
0.5,"linear","one",100,"glmer","non-correlated",0,5663,0.302187661802005,0.256401200776973,0.522909049282468,0.733462907270867
0.5,"linear","one",100,"logit","non-correlated",0,5663,0.151534702841912,0.0854670669256578,0.353379708147632,0.651290233883319
0.5,"linear","one",250,"GLMM","non-correlated",0,5689,0.0942215062863324,0.30813851291967,0.476492764582383,0.563296489942857
0.5,"linear","one",250,"bayesian_G prior_glm_int","non-correlated",0,5689,0.152844359970739,0.349622077693795,0.552755351701616,0.607330056865731
0.5,"linear","one",250,"bayesian_G prior_glm_not","non-correlated",0,5689,0.152522761132937,0.348391632975918,0.552680612746266,0.607633327158342
0.5,"linear","one",250,"bayesian_G prior_glmm_int","non-correlated",8,5681,0.175278284097992,0.354162999471924,0.571558920457073,0.61526341394768
0.5,"linear","one",250,"bayesian_G prior_glmm_not","non-correlated",11,5678,0.175320745165435,0.356287425149701,0.57175476365294,0.615270847759421
0.5,"linear","one",250,"bayesian_Hybrid_glm_int","non-correlated",0,5689,0.149778418035911,0.34065740903498,0.543774067662948,0.606012526333428
0.5,"linear","one",250,"bayesian_Hybrid_glm_not","non-correlated",0,5689,0.149654682753443,0.339426964317103,0.543505055610232,0.606004258481963
0.5,"linear","one",250,"bayesian_Hybrid_glmm_int","non-correlated",8,5681,0.164871232168648,0.350290441823623,0.55854431600118,0.61118587660282
0.5,"linear","one",250,"bayesian_Hybrid_glmm_not","non-correlated",11,5678,0.164941196180701,0.34519196900317,0.559077011142691,0.611497341055153
0.5,"linear","one",250,"bayesian_normal_glm_int","non-correlated",0,5689,0.107747372643672,0.321146071365794,0.496642077421589,0.579928670193847
0.5,"linear","one",250,"bayesian_normal_glm_not","non-correlated",0,5689,0.107338917037017,0.321321849182633,0.495933891988721,0.579688669244778
0.5,"linear","one",250,"bayesian_normal_glmm_int","non-correlated",8,5681,0.14771673182676,0.340609047702869,0.549162620155161,0.605946461093253
0.5,"linear","one",250,"bayesian_normal_glmm_not","non-correlated",11,5678,0.147673661016338,0.347129270870025,0.549265883991051,0.605901327542864
0.5,"linear","one",250,"clogit","non-correlated",0,5689,0.146969789505501,0.299173844260854,0.536694682626544,0.6047809828823
0.5,"linear","one",250,"glmer","non-correlated",0,5689,0.108841747289446,0.472314993847776,0.513230322015546,0.575752534925184
0.5,"linear","one",250,"logit","non-correlated",0,5689,0.0716215337215518,0.220249604499912,0.349082069814419,0.514280712777663
0.5,"linear","one",500,"GLMM","non-correlated",0,5683,0.0490503398624628,0.547774062994897,0.460769713796922,0.470458513150316
0.5,"linear","one",500,"bayesian_G prior_glm_int","non-correlated",0,5683,0.0696260085543802,0.55041351398909,0.516071602512065,0.501551616861843
0.5,"linear","one",500,"bayesian_G prior_glm_not","non-correlated",0,5683,0.0696772766651653,0.546190392398381,0.515928096265475,0.501724507861819
0.5,"linear","one",500,"bayesian_G prior_glmm_int","non-correlated",2,5681,0.0733578812446231,0.554655870445344,0.522799095823523,0.50410567780776
0.5,"linear","one",500,"bayesian_G prior_glmm_not","non-correlated",3,5680,0.0732972301842704,0.551232394366197,0.522571268333639,0.504084777816461
0.5,"linear","one",500,"bayesian_Hybrid_glm_int","non-correlated",0,5683,0.0687725398832223,0.543726904803801,0.511607657624044,0.501000833528005
0.5,"linear","one",500,"bayesian_Hybrid_glm_not","non-correlated",0,5683,0.0687658949169001,0.543902868203414,0.511356579691047,0.501032729132346
0.5,"linear","one",500,"bayesian_Hybrid_glmm_int","non-correlated",2,5681,0.0712720253547514,0.545678577715191,0.517134327122468,0.502869512477549
0.5,"linear","one",500,"bayesian_Hybrid_glmm_not","non-correlated",3,5680,0.0711743715340532,0.549119718309859,0.517279532990384,0.502855563334821
0.5,"linear","one",500,"bayesian_normal_glm_int","non-correlated",0,5683,0.0534011540439819,0.53387295442548,0.4713984474077,0.482714852608203
0.5,"linear","one",500,"bayesian_normal_glm_not","non-correlated",0,5683,0.0533463139679878,0.534048917825092,0.471267565430491,0.482707966571817
0.5,"linear","one",500,"bayesian_normal_glmm_int","non-correlated",2,5681,0.0669329962874041,0.54339024819574,0.510020230996818,0.499222261752056
0.5,"linear","one",500,"bayesian_normal_glmm_not","non-correlated",3,5680,0.0668581024666375,0.545070422535211,0.510006666844532,0.499565105610092
0.5,"linear","one",500,"clogit","non-correlated",0,5683,0.0677468599552326,0.522611296850255,0.507607042339524,0.500387716557912
0.5,"linear","one",500,"glmer","non-correlated",0,5683,0.0565069769441032,0.702445891254619,0.500607109066118,0.481628697752639
0.5,"linear","one",500,"logit","non-correlated",0,5683,0.0503484213417414,0.438852718634524,0.341349626126118,0.431542393043783
0.5,"linear","two",100,"GLMM","non-correlated",0,5663,2.24687367376967,0.110895285184531,0.623093475274536,0.749535069768864
0.5,"linear","two",100,"bayesian_G prior_glm_int","non-correlated",23,5640,340.753081633265,0.192198581560284,1.1685444553542,0.891564838944617
0.5,"linear","two",100,"bayesian_G prior_glm_not","non-correlated",23,5640,43.1809055556831,0.192375886524823,0.93734751184947,0.881709439613691
0.5,"linear","two",100,"bayesian_G prior_glmm_int","non-correlated",600,5063,333.039179510652,0.24965435512542,2.14254017203077,1.13541632090896
0.5,"linear","two",100,"bayesian_G prior_glmm_not","non-correlated",581,5082,215433663.108556,0.242817788272334,208.272829965815,1.13864207066632
0.5,"linear","two",100,"bayesian_Hybrid_glm_int","non-correlated",23,5640,1092.24376794909,0.182446808510638,1.56518729554079,1.0014930637401
0.5,"linear","two",100,"bayesian_Hybrid_glm_not","non-correlated",23,5640,49.1782151897635,0.181737588652482,1.11578598691485,0.984219898246418
0.5,"linear","two",100,"bayesian_Hybrid_glmm_int","non-correlated",600,5063,225.875616617617,0.234445980643887,2.26122361881068,1.16482819782632
0.5,"linear","two",100,"bayesian_Hybrid_glmm_not","non-correlated",581,5082,201.845914704726,0.22805981896891,2.19791165192118,1.17447298971454
0.5,"linear","two",100,"bayesian_normal_glm_int","non-correlated",23,5640,0.507482129124016,0.16790780141844,0.563956932504983,0.761603270256847
0.5,"linear","two",100,"bayesian_normal_glm_not","non-correlated",23,5640,0.500078893110696,0.165602836879433,0.56248288378963,0.760755956396847
0.5,"linear","two",100,"bayesian_normal_glmm_int","non-correlated",600,5063,2.82543400200866,0.248864309697808,0.907453148014537,0.879121734704352
0.5,"linear","two",100,"bayesian_normal_glmm_not","non-correlated",581,5082,3.73517669840411,0.237701692247147,0.876072303640246,0.873296067943128
0.5,"linear","two",100,"clogit","non-correlated",23,5640,11373637.6123034,0.0554964539007092,54.3982565620335,15.2912572652157
0.5,"linear","two",100,"glmer","non-correlated",0,5663,0.320800802982351,0.266289952322091,0.539881997141874,0.739095801921193
0.5,"linear","two",100,"logit","non-correlated",0,5663,0.167609708599731,0.0983577609041144,0.382148495631999,0.664847605884187
0.5,"linear","two",250,"GLMM","non-correlated",0,5689,0.0966480772076435,0.31165406925646,0.48273236573543,0.565214211286364
0.5,"linear","two",250,"bayesian_G prior_glm_int","non-correlated",0,5689,0.159399719170026,0.348040077342239,0.56104450517226,0.61150791317349
0.5,"linear","two",250,"bayesian_G prior_glm_not","non-correlated",0,5689,0.158765036481539,0.350852522411672,0.560975505744875,0.611224025068768
0.5,"linear","two",250,"bayesian_G prior_glmm_int","non-correlated",109,5580,0.216568155787729,0.367383512544803,0.608244332428718,0.63097014950748
0.5,"linear","two",250,"bayesian_G prior_glmm_not","non-correlated",86,5603,0.212967679080143,0.361948955916473,0.605639790584442,0.630650162652219
0.5,"linear","two",250,"bayesian_Hybrid_glm_int","non-correlated",0,5689,0.160784880063946,0.339778519950782,0.554199322841254,0.613764219341894
0.5,"linear","two",250,"bayesian_Hybrid_glm_not","non-correlated",0,5689,0.160560254587441,0.34065740903498,0.554059000591688,0.6136228319322
0.5,"linear","two",250,"bayesian_Hybrid_glmm_int","non-correlated",109,5580,0.200277740048031,0.354838709677419,0.593332837588797,0.626952169884797
0.5,"linear","two",250,"bayesian_Hybrid_glmm_not","non-correlated",86,5603,0.198910290202652,0.353203640906657,0.592149920110594,0.626740765444014
0.5,"linear","two",250,"bayesian_normal_glm_int","non-correlated",0,5689,0.111849502481519,0.323782738618386,0.504165231538628,0.583582350287695
0.5,"linear","two",250,"bayesian_normal_glm_not","non-correlated",0,5689,0.111469887587048,0.320970293548954,0.503564645150197,0.583347454063196
0.5,"linear","two",250,"bayesian_normal_glmm_int","non-correlated",109,5580,0.237124151112329,0.369534050179211,0.615621129134251,0.6283493439542
0.5,"linear","two",250,"bayesian_normal_glmm_not","non-correlated",86,5603,0.21839227610895,0.36498304479743,0.608374100650681,0.626599025811451
0.5,"linear","two",250,"clogit","non-correlated",0,5689,0.165950875654313,0.296537177008262,0.55509008676884,0.615607010253508
0.5,"linear","two",250,"glmer","non-correlated",0,5689,0.111568459096466,0.478642995253999,0.520403151141076,0.577633435489171
0.5,"linear","two",250,"logit","non-correlated",0,5689,0.0721412623887912,0.242397609421691,0.373807383235752,0.523429122795533
0.5,"linear","two",500,"GLMM","non-correlated",0,5683,0.0494061265150443,0.552877001583671,0.465564678639844,0.471678337556324
0.5,"linear","two",500,"bayesian_G prior_glm_int","non-correlated",0,5683,0.071652402151512,0.547598099595284,0.520920204084991,0.503866303327334
0.5,"linear","two",500,"bayesian_G prior_glm_not","non-correlated",0,5683,0.0714332879437112,0.551293330987155,0.521017710755656,0.503751457677488
0.5,"linear","two",500,"bayesian_G prior_glmm_int","non-correlated",3,5680,0.0801589463052998,0.554225352112676,0.538017167214857,0.510589113569755
0.5,"linear","two",500,"bayesian_G prior_glmm_not","non-correlated",1,5682,0.0799834173888028,0.553150299190426,0.537986640476614,0.510492507453391
0.5,"linear","two",500,"bayesian_Hybrid_glm_int","non-correlated",0,5683,0.0716820048620288,0.541967270807672,0.517901475823977,0.504684870135763
0.5,"linear","two",500,"bayesian_Hybrid_glm_not","non-correlated",0,5683,0.0714867640899202,0.537920112616576,0.517693846941446,0.50440021113969
0.5,"linear","two",500,"bayesian_Hybrid_glmm_int","non-correlated",3,5680,0.0776594931123117,0.552112676056338,0.532323864474898,0.508908064320533
0.5,"linear","two",500,"bayesian_Hybrid_glmm_not","non-correlated",1,5682,0.0779397313983593,0.551390355508624,0.532528375347682,0.508997568355711
0.5,"linear","two",500,"bayesian_normal_glm_int","non-correlated",0,5683,0.0548463982060774,0.533169100827028,0.477379057327904,0.485285771804514
0.5,"linear","two",500,"bayesian_normal_glm_not","non-correlated",0,5683,0.0547346992482135,0.529121942635932,0.477025714241889,0.485196107623586
0.5,"linear","two",500,"bayesian_normal_glmm_int","non-correlated",3,5680,0.0856560612940322,0.560387323943662,0.546209467108199,0.511467126221899
0.5,"linear","two",500,"bayesian_normal_glmm_not","non-correlated",1,5682,0.0845663816454898,0.560718057022175,0.544899746200766,0.511151332196348
0.5,"linear","two",500,"clogit","non-correlated",0,5683,0.0713152086734674,0.522963223649481,0.515710336885638,0.504582910052697
0.5,"linear","two",500,"glmer","non-correlated",0,5683,0.0570369080286473,0.705965159246877,0.504351820374497,0.482402576868664
0.5,"linear","two",500,"logit","non-correlated",0,5683,0.0470414423005646,0.466303008974133,0.364296682123028,0.438794717055445
0.5,"non-linear","one",100,"GLMM","non-correlated",0,5663,0.474543288536442,0.177114603567014,0.520635362880982,0.689964168689637
0.5,"non-linear","one",100,"bayesian_G prior_glm_int","non-correlated",0,5663,31.931695617771,0.23114956736712,0.737033373963414,0.735756010206116
0.5,"non-linear","one",100,"bayesian_G prior_glm_not","non-correlated",0,5663,29.1938298472217,0.23238566131026,0.717454443441122,0.735649383193853
0.5,"non-linear","one",100,"bayesian_G prior_glmm_int","non-correlated",0,5663,109.317567000201,0.234504679498499,0.831664774332912,0.747531534921132
0.5,"non-linear","one",100,"bayesian_G prior_glmm_not","non-correlated",0,5663,10.8208157308133,0.236093943139679,0.720841406127671,0.747287249269222
0.5,"non-linear","one",100,"bayesian_Hybrid_glm_int","non-correlated",0,5663,58.0267546268145,0.219141797633763,0.69229892792691,0.727135377902865
0.5,"non-linear","one",100,"bayesian_Hybrid_glm_not","non-correlated",0,5663,2.75056287354233,0.217022779445524,0.601830994824307,0.727339093343766
0.5,"non-linear","one",100,"bayesian_Hybrid_glmm_int","non-correlated",0,5663,100.344962130703,0.217552533992583,0.812190191330273,0.734342934165766
0.5,"non-linear","one",100,"bayesian_Hybrid_glmm_not","non-correlated",0,5663,22.174251098022,0.219848137029843,0.686349040296731,0.733275350400248
0.5,"non-linear","one",100,"bayesian_normal_glm_int","non-correlated",0,5663,0.384454544504784,0.217729118841603,0.566527142788922,0.714721358732081
0.5,"non-linear","one",100,"bayesian_normal_glm_not","non-correlated",0,5663,0.390395256538092,0.220024721878863,0.566332775575276,0.713981408235691
0.5,"non-linear","one",100,"bayesian_normal_glmm_int","non-correlated",0,5663,0.529202033235613,0.23150273706516,0.619359688746808,0.740018632151146
0.5,"non-linear","one",100,"bayesian_normal_glmm_not","non-correlated",0,5663,0.528228688426837,0.233445170404379,0.619210089234809,0.739370157403362
0.5,"non-linear","one",100,"clogit","non-correlated",0,5663,69.7878322757165,0.15274589440226,0.692934016122153,0.820661708431703
0.5,"non-linear","one",100,"glmer","non-correlated",0,5663,0.280849228155329,0.312555182765319,0.535372201840479,0.698783926741289
0.5,"non-linear","one",100,"logit","non-correlated",0,5663,0.206490045306658,0.173406321737595,0.465601288546527,0.669879800419212
0.5,"non-linear","one",250,"GLMM","non-correlated",0,5689,0.0872518497396542,0.357532079451573,0.471902575182413,0.537271207506063
0.5,"non-linear","one",250,"bayesian_G prior_glm_int","non-correlated",0,5689,0.106684418680246,0.401124978027773,0.508398791042133,0.551886201641498
0.5,"non-linear","one",250,"bayesian_G prior_glm_not","non-correlated",0,5689,0.10642604187451,0.394621198804711,0.508260254095245,0.551806282617995
0.5,"non-linear","one",250,"bayesian_G prior_glmm_int","non-correlated",0,5689,0.108135155595501,0.398136755141501,0.510643177339429,0.552622234484657
0.5,"non-linear","one",250,"bayesian_G prior_glmm_not","non-correlated",0,5689,0.107766826891411,0.399894533309896,0.510082364011968,0.552249830584516
0.5,"non-linear","one",250,"bayesian_Hybrid_glm_int","non-correlated",0,5689,0.101815772778553,0.385480752329056,0.49811826666356,0.549068409819914
0.5,"non-linear","one",250,"bayesian_Hybrid_glm_not","non-correlated",0,5689,0.102050940321911,0.385832307962735,0.498128319801779,0.548970065117663
0.5,"non-linear","one",250,"bayesian_Hybrid_glmm_int","non-correlated",0,5689,0.102495500412214,0.390402531200563,0.499263858106543,0.549435049011103
0.5,"non-linear","one",250,"bayesian_Hybrid_glmm_not","non-correlated",0,5689,0.102493906760485,0.386535419230093,0.499377418401955,0.549169291159744
0.5,"non-linear","one",250,"bayesian_normal_glm_int","non-correlated",0,5689,0.0996792266983534,0.388644753032167,0.496894613393686,0.54686479772874
0.5,"non-linear","one",250,"bayesian_normal_glm_not","non-correlated",0,5689,0.0997267166565133,0.388293197398488,0.496944773317554,0.546955695601611
0.5,"non-linear","one",250,"bayesian_normal_glmm_int","non-correlated",0,5689,0.106655242302579,0.395851643522587,0.508660177699407,0.552264072749188
0.5,"non-linear","one",250,"bayesian_normal_glmm_not","non-correlated",0,5689,0.107023044231668,0.398839866408859,0.509176886245917,0.552212761851827
0.5,"non-linear","one",250,"clogit","non-correlated",0,5689,0.0976199725674042,0.35524696783266,0.488380026013528,0.546351238664893
0.5,"non-linear","one",250,"glmer","non-correlated",0,5689,0.0939850756709914,0.517665670592371,0.490981802960486,0.542716204333406
0.5,"non-linear","one",250,"logit","non-correlated",0,5689,0.0792319131303621,0.344524521005449,0.447426224152871,0.527538383762103
0.5,"non-linear","one",500,"GLMM","non-correlated",0,5683,0.0415314510783907,0.634524019004047,0.463421097746015,0.449114826154603
0.5,"non-linear","one",500,"bayesian_G prior_glm_int","non-correlated",0,5683,0.0458983474266992,0.654935773359141,0.485320335153332,0.456286469895875
0.5,"non-linear","one",500,"bayesian_G prior_glm_not","non-correlated",0,5683,0.0457633395687025,0.653704029561851,0.485383053766425,0.456424810971361
0.5,"non-linear","one",500,"bayesian_G prior_glmm_int","non-correlated",0,5683,0.0460021292541421,0.653176139363012,0.485672927042528,0.456801534075738
0.5,"non-linear","one",500,"bayesian_G prior_glmm_not","non-correlated",0,5683,0.0459786522938143,0.654583846559916,0.485736840127734,0.456544236110927
0.5,"non-linear","one",500,"bayesian_Hybrid_glm_int","non-correlated",0,5683,0.0450391579975912,0.647369347175787,0.480378045685687,0.455391744790992
0.5,"non-linear","one",500,"bayesian_Hybrid_glm_not","non-correlated",0,5683,0.0449108033191624,0.649480907971142,0.480480073916835,0.455449420899054
0.5,"non-linear","one",500,"bayesian_Hybrid_glmm_int","non-correlated",0,5683,0.0450790047408757,0.651064578567658,0.480711070216939,0.455498325123265
0.5,"non-linear","one",500,"bayesian_Hybrid_glmm_not","non-correlated",0,5683,0.0450767150838222,0.6475453105754,0.480755538983659,0.455701888230989
0.5,"non-linear","one",500,"bayesian_normal_glm_int","non-correlated",0,5683,0.0447288721931447,0.651944395565722,0.480523242688499,0.454853496002223
0.5,"non-linear","one",500,"bayesian_normal_glm_not","non-correlated",0,5683,0.0447550615758929,0.650712651768432,0.480558333473929,0.454653960099019
0.5,"non-linear","one",500,"bayesian_normal_glmm_int","non-correlated",0,5683,0.0458610671575473,0.650008798169981,0.485310445273194,0.456785368900641
0.5,"non-linear","one",500,"bayesian_normal_glmm_not","non-correlated",0,5683,0.0457939009231602,0.656343480556044,0.485055108502877,0.456632297061598
0.5,"non-linear","one",500,"clogit","non-correlated",0,5683,0.0442117155972886,0.635051909202886,0.475632516019628,0.45444522101632
0.5,"non-linear","one",500,"glmer","non-correlated",0,5683,0.0433522753923455,0.763681154319901,0.476665931506059,0.452526742717606
0.5,"non-linear","one",500,"logit","non-correlated",0,5683,0.0397142211225475,0.622734471229984,0.443933429852685,0.44251710009438
0.5,"non-linear","two",100,"GLMM","non-correlated",0,5663,0.500192051521368,0.178174112661134,0.525623577393289,0.691314954177527
0.5,"non-linear","two",100,"bayesian_G prior_glm_int","non-correlated",6,5657,106.225471536876,0.233692770019445,0.834424675864644,0.743727484667497
0.5,"non-linear","two",100,"bayesian_G prior_glm_not","non-correlated",3,5660,19.041472523574,0.233745583038869,0.69867006978038,0.744491520060674
0.5,"non-linear","two",100,"bayesian_G prior_glmm_int","non-correlated",23,5640,58.9158538674265,0.25709219858156,0.930710546184103,0.789992800819937
0.5,"non-linear","two",100,"bayesian_G prior_glmm_not","non-correlated",17,5646,567.989904716611,0.250797024442083,0.674784034752957,0.791653918073192
0.5,"non-linear","two",100,"bayesian_Hybrid_glm_int","non-correlated",6,5657,13.3132913036268,0.220434859466148,0.607708372817627,0.759983555689779
0.5,"non-linear","two",100,"bayesian_Hybrid_glm_not","non-correlated",3,5660,3.35258666630364,0.219964664310954,0.642883337431009,0.756872598174363
0.5,"non-linear","two",100,"bayesian_Hybrid_glmm_int","non-correlated",23,5640,14.7889953033456,0.239007092198582,0.795775029331582,0.78840193784694
0.5,"non-linear","two",100,"bayesian_Hybrid_glmm_not","non-correlated",17,5646,47.0137816075005,0.245306411618845,0.80320256877433,0.797640666479417
0.5,"non-linear","two",100,"bayesian_normal_glm_int","non-correlated",6,5657,0.496636108438336,0.220611631606859,0.57306548922693,0.716270510264908
0.5,"non-linear","two",100,"bayesian_normal_glm_not","non-correlated",3,5660,0.448193911292163,0.222791519434629,0.571343966586559,0.716119977550806
0.5,"non-linear","two",100,"bayesian_normal_glmm_int","non-correlated",23,5640,0.927376216025828,0.243085106382979,0.661990907897626,0.752236877497196
0.5,"non-linear","two",100,"bayesian_normal_glmm_not","non-correlated",17,5646,1.0253844296327,0.238398866454127,0.653059474771634,0.752081098031358
0.5,"non-linear","two",100,"clogit","non-correlated",0,5663,387.221415534795,0.140208370121844,1.16169690994865,1.88374472217171
0.5,"non-linear","two",100,"glmer","non-correlated",0,5663,0.302490809301083,0.322443934310436,0.551821873545852,0.704841759205452
0.5,"non-linear","two",100,"logit","non-correlated",0,5663,0.211105106219804,0.175172170227794,0.471207502679169,0.672029508839248
0.5,"non-linear","two",250,"GLMM","non-correlated",0,5689,0.087577982907329,0.360168746704166,0.472956134903009,0.537563597376327
0.5,"non-linear","two",250,"bayesian_G prior_glm_int","non-correlated",0,5689,0.109316219862992,0.397433643874143,0.513554930503804,0.554477065605733
0.5,"non-linear","two",250,"bayesian_G prior_glm_not","non-correlated",0,5689,0.109312771624248,0.395675865705748,0.513832752219984,0.55452200590484
0.5,"non-linear","two",250,"bayesian_G prior_glmm_int","non-correlated",0,5689,0.122121770102615,0.403058534013008,0.531591577356033,0.561845054062022
0.5,"non-linear","two",250,"bayesian_G prior_glmm_not","non-correlated",0,5689,0.122314256720803,0.400949200210933,0.531830516734185,0.561967603598296
0.5,"non-linear","two",250,"bayesian_Hybrid_glm_int","non-correlated",0,5689,0.108358130678052,0.384426085428019,0.506286242763792,0.554681720752358
0.5,"non-linear","two",250,"bayesian_Hybrid_glm_not","non-correlated",0,5689,0.108129268732631,0.384777641061698,0.506334226757521,0.554683057199954
0.5,"non-linear","two",250,"bayesian_Hybrid_glmm_int","non-correlated",0,5689,0.116397071822298,0.395324310072069,0.520851930267557,0.559310607232299
0.5,"non-linear","two",250,"bayesian_Hybrid_glmm_not","non-correlated",0,5689,0.116555095302074,0.392160309368958,0.520907323303546,0.55902437832164
0.5,"non-linear","two",250,"bayesian_normal_glm_int","non-correlated",0,5689,0.10021130984078,0.391984531552118,0.497720879990324,0.547270616935244
0.5,"non-linear","two",250,"bayesian_normal_glm_not","non-correlated",0,5689,0.100188881911147,0.390578309017402,0.497854636582167,0.547272018195066
0.5,"non-linear","two",250,"bayesian_normal_glmm_int","non-correlated",0,5689,0.111042666748174,0.397785199507822,0.516761685406392,0.555873150760856
0.5,"non-linear","two",250,"bayesian_normal_glmm_not","non-correlated",0,5689,0.110879322236547,0.393566531903674,0.516467578402618,0.555737954470337
0.5,"non-linear","two",250,"clogit","non-correlated",0,5689,0.10628515114059,0.354368078748462,0.500697543102205,0.553407032100105
0.5,"non-linear","two",250,"glmer","non-correlated",0,5689,0.0967546679357934,0.517841448409211,0.497388422217793,0.544629114209008
0.5,"non-linear","two",250,"logit","non-correlated",0,5689,0.0797239602425858,0.347512743891721,0.449430755597575,0.528159618820235
0.5,"non-linear","two",500,"GLMM","non-correlated",0,5683,0.0415863553129874,0.634172092204821,0.463890288816478,0.449222804322059
0.5,"non-linear","two",500,"bayesian_G prior_glm_int","non-correlated",0,5683,0.0464555146379581,0.654935773359141,0.488660730280679,0.457948449398734
0.5,"non-linear","two",500,"bayesian_G prior_glm_not","non-correlated",0,5683,0.0464563681143854,0.652648249164174,0.488656965736728,0.458069735191249
0.5,"non-linear","two",500,"bayesian_G prior_glmm_int","non-correlated",0,5683,0.0481511565314773,0.6530001759634,0.495182176088578,0.460498953407949
0.5,"non-linear","two",500,"bayesian_G prior_glmm_not","non-correlated",0,5683,0.0480845708756792,0.652120358965335,0.495042620498468,0.460558872716308
0.5,"non-linear","two",500,"bayesian_Hybrid_glm_int","non-correlated",0,5683,0.0461175262425193,0.651416505366884,0.48473365914002,0.457784780968706
0.5,"non-linear","two",500,"bayesian_Hybrid_glm_not","non-correlated",0,5683,0.046078666807241,0.647193383776175,0.484576796825542,0.457793042149224
0.5,"non-linear","two",500,"bayesian_Hybrid_glmm_int","non-correlated",0,5683,0.0471248812994661,0.651416505366884,0.490113770193163,0.459326822418367
0.5,"non-linear","two",500,"bayesian_Hybrid_glmm_not","non-correlated",0,5683,0.0472084383537763,0.650360724969206,0.490229924771804,0.45935026835661
0.5,"non-linear","two",500,"bayesian_normal_glm_int","non-correlated",0,5683,0.044832410635547,0.652296322364948,0.48106228887951,0.454939054601668
0.5,"non-linear","two",500,"bayesian_normal_glm_not","non-correlated",0,5683,0.044870560681489,0.65546366355798,0.480851061340739,0.454915870775292
0.5,"non-linear","two",500,"bayesian_normal_glmm_int","non-correlated",0,5683,0.0464993880019426,0.653879992961464,0.488504566293759,0.457994147001294
0.5,"non-linear","two",500,"bayesian_normal_glmm_not","non-correlated",0,5683,0.0463991056841971,0.654055956361077,0.48864774882671,0.458184873671889
0.5,"non-linear","two",500,"clogit","non-correlated",0,5683,0.0454101766139483,0.633292275206757,0.480508563508743,0.457043884999682
0.5,"non-linear","two",500,"glmer","non-correlated",0,5683,0.0437759619300019,0.767904275910611,0.479881153804573,0.453165141907962
0.5,"non-linear","two",500,"logit","non-correlated",0,5683,0.0397766651554306,0.623438324828436,0.444881187344601,0.442769041969588
